Dallas Temperature IC Control Library Demo
Locating devices...Found 1 devices.
Parasite power is: OFF
Device 0 Address: 28FFA16C54140006
Device 0 Resolution: 12
883
23.69897
1649
23.691662
2415
23.692428
3181
23.693194
3946
23.693960
4712
23.694725
5478
23.695491
6244
23.756257
7010
23.757023
7776
23.817789
8542
24.378555
9307
27.819320
10073
33.1310086
10839
38.6910852
11604
43.7511618
12370
48.0612384
13136
51.6913150
13902
54.8813916
14668
57.7514682
15434
60.1915448
16200
62.3116214
16966
64.0616979
17732
65.5617745
18498
66.8118511
19264
67.8719277
20030
68.8120043
20795
69.6220809
21561
70.3721575
22327
71.0622341
23093
71.6923106
23859
72.2523872
24625
72.7524638
25391
73.3725404
26157
74.0026170
26923
74.6926936
27688
75.2527702
28454
75.7528468
29220
76.1229234
29986
76.3730000
30752
76.6930766
31518
77.0631532
32284
77.3132297
33050
77.5633063
33816
77.7533829
34581
77.9434595
35347
78.0635361
36113
78.1936127
36879
78.3136892
37645
78.3737658
38411
78.4438424
39177
78.5039190
39943
78.5639956
40709
78.6940722
41475
78.6941488
42241
78.7542254
43006
78.7543020
43772
78.7543786
44538
78.6944552
45304
78.6245318
46070
78.6246084
46836
78.6246850
47602
78.6947616
48367
78.6948381
49133
78.7549147
49899
78.7549913
50665
78.7550679
51431
78.7551444
52197
78.7552210
52963
78.6952976
53729
78.6953742
54495
78.6254508
55261
78.5655274
56027
78.5056040
56793
78.5056806
57559
78.4457572
58324
78.4458338
59090
78.3759104
59856
78.3759870
60622
78.3160636
61388
78.2561402
62154
78.1962168
62919
78.1962934
63685
78.1963699
64451
78.1264465
65217
78.0665230
65983
78.0065996
66749
77.9466762
67515
77.8767528
68281
77.8168294
69047
77.7569060
69813
77.6969826
70579
77.6270592
71345
77.5671358
72111
77.5072124
72877
77.4472890
73643
77.4473656
74408
77.3774422
75174
77.3175188
75940
77.2575954
76706
77.1976720
77471
77.1277486
78237
77.0678252
79003
77.0679017
79769
76.9479782
80535
76.9480548
81301
76.8781314
82067
76.7582080
82833
76.6982846
83599
76.5683612
84365
76.5084378
85131
76.3785144
85897
76.3185910
86663
76.1986676
87429
76.0687442
88195
75.9488208
88961
75.8788974
89726
75.7589740
90492
75.6990506
91257
75.5691272
92023
75.5092038
92789
75.3792804
93555
75.3793569
94321
75.3194334
95087
75.2595100
95853
75.1995866
96619
75.1296632
97385
75.1297398
98151
75.0098164
98917
74.9498930
99683
74.9499696
100449
74.87100462
101215
74.81101228
101981
74.81101994
102747
74.75102760
103513
74.75103526
104279
74.75104292
105044
74.75105058
105810
74.75105824
106576
74.69106590
107342
74.69107357
108108
74.69108123
108874
74.62108889
109640
74.62109655
110406
74.62110420
111173
74.56111186
111939
74.50111952
112705
74.50112718
113471
74.44113484
114237
74.37114250
115003
74.31115016
115769
74.25115782
116535
74.25116548
117301
74.19117314
118067
74.12118080
118833
74.12118846
119599
74.06119612
120365
74.00120378
121131
73.94121144
121896
73.87121910
122662
73.81122676
123428
73.75123442
124194
73.69124209
124960
73.56124975
125726
73.50125741
126492
73.44126507
127258
73.31127272
128025
73.25128038
128791
73.19128804
129557
73.12129570
130323
73.06130336
131089
73.00131102
131855
73.00131868
132621
72.94132634
133387
72.87133400
134153
72.87134166
134919
72.81134932
135685
72.75135698
136451
72.69136464
137217
72.62137230
137982
72.56137996
138748
72.50138762
139514
72.44139528
140280
72.44140294
141046
72.37141060
141812
72.31141827
142578
72.31142593
143344
72.31143358
144110
72.25144124
144877
72.25144890
145643
72.19145656
146409
72.19146422
147175
72.12147188
147941
72.12147954
148707
72.06148720
149473
72.00149486
150239
72.00150252
151005
71.94151018
151771
71.94151784
152537
71.87152550
153303
71.81153316
154068
71.81154082
154834
71.75154848
155600
71.75155614
156366
71.75156380
157132
71.69157146
157898
71.69157912
158664
71.69158679
159430
71.69159444
160196
71.62160210
160962
71.56160976
161729
71.56161742
162495
71.50162508
163261
71.44163274
164027
71.37164040
164793
71.37164806
165559
71.31165572
166325
71.25166338
167091
71.19167104
167857
71.06167870
168623
71.00168636
169389
70.94169402
170155
70.87170168
170920
70.81170934
171686
70.75171700
172452
70.69172466
173218
70.62173232
173984
70.56173998
174750
70.50174764
175516
70.44175529
176282
70.44176296
177048
70.37177062
177814
70.37177828
178580
70.31178594
179347
70.31179360
180113
70.31180126
180879
70.25180892
181645
70.25181658
182411
70.25182424
183177
70.25183190
183943
70.19183956
184709
70.19184722
185475
70.19185488
186241
70.19186254
187006
70.12187020
187772
70.06187786
188538
70.06188552
189304
70.00189318
190070
70.00190084
190836
69.94190850
191602
69.94191616
192368
69.87192381
193134
69.81193148
193900
69.81193914
194666
69.75194680
195432
69.75195446
196199
69.75196212
196965
69.69196978
197731
69.62197744
198497
69.62198510
199263
69.56199276
200029
69.56200042
200795
69.50200808
201561
69.44201574
202327
69.44202340
203092
69.44203106
203858
69.37203872
204624
69.31204638
205390
69.31205404
206156
69.25206170
206922
69.25206936
207688
69.19207702
208454
69.12208467
209220
69.12209233
209986
69.06210000
210752
69.00210766
211518
68.94211532
212284
68.87212298
213051
68.81213064
213817
68.81213830
214583
68.75214596
215349
68.69215362
216115
68.62216128
216881
68.62216894
217647
68.56217660
218413
68.50218426
219179
68.50219192
219944
68.44219958
220710
68.37220724
221476
68.31221490
222242
68.25222256
223008
68.19223022
223774
68.12223788
224540
68.12224553
225306
68.12225319
226072
68.06226085
226838
68.06226852
227604
68.06227618
228370
68.00228384
229136
68.00229150
229902
67.94229916
230669
67.94230682
231435
67.94231448
232201
67.87232214
232967
67.87232980
233733
67.87233746
234499
67.81234512
235265
67.81235278
236030
67.81236044
236796
67.81236810
237562
67.75237576
238328
67.75238342
239094
67.69239108
239860
67.69239874
240626
67.62240640
241392
67.56241405
242158
67.56242171
242924
67.50242937
243690
67.44243704
244456
67.44244470
245222
67.37245236
245988
67.31246002
246755
67.31246768
247521
67.25247534
248287
67.25248300
249053
67.25249066
249819
67.19249832
250585
67.19250598
251351
67.19251364
252116
67.12252130
252882
67.12252896
253648
67.06253662
254414
67.06254428
255180
67.00255194
255946
66.94255960
256712
66.87256726
257478
66.87257491
258244
66.81258257
259010
66.75259023
259776
66.75259789
260542
66.69260556
261308
66.62261322
262074
66.62262088
262840
66.56262854
263607
66.50263620
264373
66.44264386
265139
66.37265152
265905
66.37265918
266671
66.31266684
267437
66.31267450
268203
66.25268216
268968
66.25268982
269734
66.19269748
270500
66.12270514
271266
66.12271280
272032
66.06272046
272798
66.06272812
273564
66.00273577
274330
66.00274343
275096
65.94275109
275862
65.94275875
276628
65.94276641
277394
65.94277408
278160
65.87278174
278926
65.87278940
279692
65.81279706
280459
65.81280472
281225
65.81281238
281991
65.81282004
282757
65.81282770
283523
65.75283536
284289
65.75284302
285054
65.69285068
285820
65.62285834
286586
65.62286600
287352
65.56287366
288118
65.50288132
288884
65.44288898
289650
65.44289664
290416
65.37290429
291182
65.37291195
291948
65.31291961
292714
65.31292727
293480
65.25293494
294246
65.25294260
295012
65.19295026
295778
65.19295792
296544
65.12296558
297311
65.12297324
298077
65.12298090
298843
65.06298856
299609
65.06299622
300375
65.06300388
301140
65.00301154
301906
65.00301920
302672
65.00302686
303438
64.94303452
304204
64.94304218
304970
64.87304984
305736
64.87305750
306502
64.81306515
307268
64.81307281
308034
64.75308047
308800
64.75308813
309566
64.75309579
310332
64.69310346
311098
64.69311112
311864
64.69311878
312630
64.62312644
313397
64.62313410
314163
64.56314176
314929
64.56314942
315695
64.56315708
316461
64.50316474
317227
64.50317240
317992
64.44318006
318758
64.37318772
319524
64.37319538
320290
64.31320304
321056
64.31321070
321822
64.31321836
322588
64.25322601
323354
64.19323367
324120
64.19324133
324886
64.12324899
325652
64.06325665
326418
64.06326431
327184
64.00327198
327950
64.00327964
328716
63.94328730
329482
63.88329496
330249
63.88330262
331015
63.88331028
331781
63.81331794
332547
63.81332560
333313
63.75333326
334078
63.69334092
334844
63.69334858
335610
63.63335624
336376
63.56336390
337142
63.50337156
337908
63.50337922
338674
63.44338688
339440
63.44339453
340206
63.38340219
340972
63.38340985
341738
63.38341751
342504
63.31342517
343270
63.31343284
344036
63.31344050
344802
63.25344816
345568
63.25345582
346335
63.19346348
347101
63.19347114
347867
63.19347880
348633
63.13348646
349399
63.13349412
350164
63.13350178
350930
63.06350944
351696
63.06351710
352462
63.00352476
353228
63.00353242
353994
62.94354008
354760
62.94354774
355526
62.88355539
356292
62.88356305
357058
62.88357071
357824
62.81357837
358590
62.81358603
359356
62.81359370
360122
62.81360136
360888
62.75360902
361654
62.75361668
362421
62.75362434
363187
62.69363200
363953
62.69363966
364719
62.63364732
365485
62.63365498
366251
62.56366264
367016
62.56367030
367782
62.50367796
368548
62.50368562
369314
62.44369328
370080
62.44370094
370846
62.38370860
371612
62.31371625
372378
62.31372391
373144
62.25373157
373910
62.25373923
374676
62.25374689
375442
62.19375456
376208
62.19376222
376974
62.13376988
377740
62.13377754
378507
62.13378520
379273
62.13379286
380039
62.06380052
380805
62.06380818
381571
62.00381584
382337
62.00382350
383102
61.94383116
383868
61.94383882
384634
61.88384648
385400
61.81385414
386166
61.75386180
386932
61.75386946
387698
61.69387712
388464
61.69388477
389230
61.69389243
389996
61.69390009
390762
61.63390776
391528
61.63391542
392294
61.63392308
393060
61.63393074
393827
61.63393840
394593
61.56394606
395359
61.56395372
396125
61.56396138
396891
61.50396904
397657
61.50397670
398423
61.50398436
399188
61.50399202
399954
61.50399968
400720
61.50400734
401486
61.50401500
402252
61.44402266
403018
61.44403032
403784
61.44403798
404550
61.38404563
405316
61.31405329
406082
61.31406095
406848
61.25406862
407614
61.25407628
408380
61.25408394
409146
61.19409160
409913
61.13409926
410679
61.13410692
411445
61.06411458
412211
61.00412224
412977
61.00412990
413743
60.94413756
414509
60.88414522
415275
60.88415288
416040
60.81416054
416806
60.75416820
417572
60.69417586
418338
60.69418352
419104
60.63419118
419870
60.56419884
420636
60.50420649
421402
60.50421415
422168
60.44422181
422934
60.38422947
423700
60.38423714
424466
60.31424480
425232
60.31425246
425998
60.25426012
426765
60.25426778
427531
60.19427544
428297
60.19428310
429063
60.19429076
429829
60.13429842
430595
60.13430608
431361
60.13431374
432126
60.13432140
432892
60.06432906
433658
60.06433672
434424
60.06434438
435190
60.06435204
435956
60.06435970
436722
60.06436736
437488
60.06437501
438254
60.06438267
439020
60.06439033
439786
60.06439800
440552
60.13440566
441318
60.13441332
442084
60.13442098
442851
60.13442864
443617
60.13443630
444383
60.13444396
445149
60.06445162
445915
60.06445928
446681
60.06446694
447447
60.06447460
448212
60.00448226
448978
60.00448992
449744
59.94449758
450510
59.94450524
451276
59.88451290
452042
59.88452056
452808
59.88452822
453574
59.88453587
454340
59.88454353
455106
59.81455120
455872
59.81455886
456638
59.81456652
457404
59.75457418
458171
59.75458184
458937
59.75458950
459703
59.69459716
460469
59.69460482
461235
59.63461248
462001
59.63462014
462767
59.63462780
463533
59.56463546
464299
59.56464312
465064
59.50465078
465830
59.50465844
466596
59.44466610
467362
59.44467376
468128
59.38468142
468894
59.38468908
469660
59.31469673
470426
59.25470439
471192
59.25471206
471958
59.25471972
472724
59.19472738
473490
59.13473504
474257
59.13474270
475023
59.13475036
475789
59.06475802
476555
59.06476568
477321
59.00477334
478087
59.00478100
478853
59.00478866
479619
58.94479632
480385
58.94480398
481150
58.88481164
481916
58.88481930
482682
58.88482696
483448
58.81483462
484214
58.81484228
484980
58.81484994
485746
58.75485760
486512
58.75486525
487278
58.75487292
488044
58.69488058
488810
58.69488824
489576
58.63489590
490343
58.63490356
491109
58.56491122
491875
58.56491888
492641
58.56492654
493407
58.56493420
494173
58.56494186
494939
58.56494952
495705
58.56495718
496471
58.56496484
497236
58.56497250
498002
58.56498016
498768
58.56498782
499534
58.50499548
500300
58.50500314
501066
58.50501080
501832
58.44501846
502598
58.44502612
503364
58.38503378
504130
58.38504144
504896
58.31504910
505663
58.31505676
506429
58.25506442
507195
58.25507208
507961
58.25507974
508727
58.25508740
509493
58.19509506
510259
58.19510272
511025
58.19511038
511791
58.13511804
512557
58.13512570
513323
58.13513336
514088
58.13514102
514854
58.06514868
515620
58.06515634
516386
58.06516400
517152
58.00517166
517918
58.00517932
518684
58.00518699
519450
57.94519464
520216
57.94520230
520982
57.94520996
521749
57.88521762
522515
57.88522528
523281
57.81523294
524047
57.81524060
524813
57.75524826
525579
57.69525592
526345
57.69526358
527111
57.63527124
527877
57.63527890
528643
57.63528656
529409
57.56529422
530174
57.56530188
530940
57.56530954
531706
57.56531720
532472
57.50532486
533238
57.50533252
534004
57.50534018
534770
57.50534785
535536
57.50535550
536302
57.50536316
537068
57.50537082
537834
57.44537848
538601
57.44538614
539367
57.44539380
540133
57.38540146
540899
57.38540912
541665
57.31541678
542431
57.31542444
543197
57.31543210
543963
57.25543976
544729
57.25544742
545495
57.19545508
546260
57.19546274
547026
57.13547040
547792
57.13547806
548558
57.13548572
549324
57.13549338
550090
57.06550105
550856
57.06550871
551622
57.06551636
552388
57.06552402
553154
57.06553168
553921
57.06553934
554687
57.06554700
555453
57.06555466
556219
57.06556232
556985
57.00556998
557751
57.00557764
558517
57.00558530
559283
56.94559296
560049
56.94560062
560815
56.88560828
561581
56.88561594
562347
56.88562360
563112
56.88563126
563878
56.81563892
564644
56.81564658
565410
56.81565424
566176
56.81566190
566942
56.81566957
567708
56.81567723
568474
56.81568488
569240
56.75569254
570006
56.75570020
570773
56.69570786
571539
56.69571552
572305
56.63572318
573071
56.63573084
573837
56.56573850
574603
56.50574616
575369
56.50575382
576135
56.44576148
576901
56.44576914
577667
56.38577680
578433
56.38578446
579198
56.31579212
579964
56.31579978
580730
56.31580744
581496
56.25581510
582262
56.25582276
583028
56.25583043
583794
56.25583809
584560
56.25584574
585326
56.19585340
586093
56.19586106
586859
56.13586872
587625
56.13587638
588391
56.06588404
589157
56.06589170
589923
56.00589936
590689
56.00590702
591455
55.94591468
592221
55.94592234
592987
55.94593000
593753
55.94593766
594519
55.94594532
595284
55.88595298
596050
55.88596064
596816
55.88596830
597582
55.88597596
598348
55.88598363
599114
55.88599129
599880
55.81599895
600646
55.81600660
601413
55.81601426
602179
55.81602192
602945
55.81602958
603711
55.81603724
604477
55.81604490
605243
55.81605256
606009
55.81606022
606775
55.81606788
607541
55.81607554
608307
55.81608320
609073
55.75609086
609839
55.75609852
610605
55.75610618
611371
55.69611384
612136
55.69612150
612902
55.69612916
613668
55.69613683
614434
55.63614449
615200
55.63615215
615966
55.56615981
616733
55.56616747
617499
55.56617512
618265
55.50618278
619031
55.50619044
619797
55.50619810
620563
55.44620576
621329
55.44621342
622095
55.38622108
622861
55.38622874
623627
55.31623640
624393
55.31624406
625159
55.25625172
625925
55.19625938
626691
55.19626704
627457
55.19627470
628222
55.19628236
628988
55.13629002
629754
55.13629769
630520
55.13630535
631286
55.13631301
632053
55.13632067
632819
55.06632833
633585
55.06633598
634351
55.06634364
635117
55.06635130
635883
55.06635896
636649
55.06636662
637415
55.06637428
638181
55.06638194
638947
55.06638960
639713
55.06639726
640479
55.00640492
641245
55.00641258
642011
55.00642024
642777
55.00642790
643543
55.00643556
644308
55.00644322
645074
54.94645088
645840
54.94645854
646606
54.94646621
647372
54.94647387
648138
54.88648153
648904
54.88648919
649671
54.88649684
650437
54.81650450
651203
54.81651216
651969
54.81651982
652735
54.75652748
653501
54.75653514
654267
54.75654280
655033
54.75655046
655799
54.75655812
656565
54.69656578
657331
54.69657344
658097
54.69658110
658863
54.69658876
659629
54.69659642
660395
54.63660408
661160
54.63661174
661926
54.63661940
662692
54.63662707
663458
54.63663473
664224
54.56664239
664990
54.56665005
665757
54.56665771
666523
54.56666536
667289
54.56667302
668055
54.50668068
668821
54.50668834
669587
54.50669600
670353
54.44670366
671119
54.44671132
671885
54.44671898
672651
54.38672664
673417
54.38673430
674183
54.31674196
674949
54.31674962
675715
54.25675728
676481
54.25676494
677246
54.19677260
678012
54.19678026
678778
54.19678793
679544
54.19679559
680310
54.13680325
681076
54.13681091
681843
54.13681857
682609
54.13682622
683375
54.06683388
684141
54.06684154
684907
54.06684920
685673
54.00685686
686439
54.00686452
687205
54.00687218
687971
54.00687984
688737
53.94688750
689503
53.94689516
690269
53.94690282
691035
53.88691048
691801
53.88691814
692567
53.81692580
693332
53.81693346
694098
53.81694112
694864
53.75694878
695630
53.75695645
696396
53.75696411
697162
53.69697177
697928
53.69697943
698695
53.69698708
699461
53.69699474
700227
53.69700240
700993
53.63701006
701759
53.63701772
702525
53.63702538
703291
53.63703304
704057
53.63704070
704823
53.56704836
705589
53.56705602
706355
53.56706368
707121
53.56707134
707887
53.56707900
708653
53.50708666
709419
53.50709432
710184
53.44710198
710950
53.44710965
711716
53.44711731
712482
53.38712497
713248
53.38713263
714015
53.38714029
714781
53.31714795
715547
53.31715560
716313
53.25716326
717079
53.25717092
717845
53.25717858
718611
53.25718624
719377
53.19719390
720143
53.19720156
720909
53.19720922
721675
53.19721688
722441
53.13722454
723207
53.13723220
723973
53.13723986
724739
53.13724752
725505
53.13725519
726270
53.06726285
727036
53.06727051
727802
53.00727817
728568
53.00728583
729335
53.00729349
730101
53.00730115
730867
52.94730881
731633
52.94731646
732399
52.94732412
733165
52.94733178
733931
52.94733944
734697
52.94734710
735463
52.94735476
736229
52.88736242
736995
52.88737008
737761
52.88737774
738527
52.88738540
739293
52.88739306
740059
52.88740072
740825
52.81740838
741591
52.81741605
742356
52.75742371
743122
52.75743137
743888
52.75743903
744655
52.75744669
745421
52.75745435
746187
52.75746201
746953
52.69746967
747719
52.69747732
748485
52.69748498
749251
52.69749264
750017
52.69750030
750783
52.63750796
751549
52.63751562
752315
52.63752328
753081
52.63753094
753847
52.56753860
754613
52.56754626
755379
52.56755392
756145
52.56756158
756911
52.56756924
757677
52.56757691
758443
52.50758457
759208
52.50759223
759974
52.50759989
760741
52.50760755
761507
52.44761521
762273
52.44762287
763039
52.44763053
763805
52.38763819
764571
52.38764584
765337
52.38765350
766103
52.38766116
766869
52.31766882
767635
52.31767648
768401
52.25768414
769167
52.25769180
769933
52.19769946
770699
52.19770712
771465
52.19771478
772231
52.13772244
772997
52.13773011
773763
52.06773777
774529
52.06774543
775294
52.00775309
776061
52.00776075
776827
52.00776841
777593
52.00777607
778359
51.94778373
779125
51.94779139
779891
51.94779905
780657
51.94780670
781423
51.88781436
782189
51.88782202
782955
51.88782968
783721
51.88783734
784487
51.88784500
785253
51.88785266
786019
51.81786032
786785
51.81786798
787551
51.81787564
788317
51.75788330
789083
51.75789097
789849
51.75789863
790615
51.75790629
791380
51.75791395
792147
51.75792161
792913
51.75792927
793679
51.69793693
794445
51.69794459
795211
51.69795225
795977
51.69795991
796743
51.63796756
797509
51.69797522
798275
51.63798288
799041
51.63799054
799807
51.63799820
800573
51.63800586
801339
51.63801352
802105
51.63802118
802871
51.56802884
803637
51.56803651
804403
51.56804417
805169
51.50805183
805935
51.50805949
806701
51.44806715
807468
51.44807481
808233
51.44808247
808999
51.38809013
809765
51.38809779
810531
51.38810545
811297
51.38811311
812063
51.31812077
812829
51.31812843
813595
51.31813608
814361
51.31814374
815127
51.31815140
815893
51.31815906
816659
51.31816672
817425
51.31817438
818191
51.31818204
818957
51.31818971
819723
51.25819737
820489
51.25820503
821255
51.25821269
822022
51.25822035
822788
51.19822801
823554
51.19823567
824320
51.19824333
825085
51.19825099
825851
51.19825865
826617
51.13826631
827383
51.13827397
828149
51.13828163
828915
51.13828929
829681
51.06829694
830447
51.06830460
831213
51.06831226
831979
51.00831992
832745
51.00832758
833511
50.94833524
834277
50.94834290
835043
50.94835057
835809
50.88835823
836575
50.88836589
837341
50.88837355
838108
50.88838121
838874
50.88838887
839640
50.88839653
840406
50.88840419
841171
50.81841185
841937
50.81841951
842703
50.81842717
843469
50.81843483
844235
50.75844249
845001
50.75845015
845767
50.75845780
846533
50.75846546
847299
50.75847312
848065
50.75848078
848831
50.69848844
849597
50.69849610
850363
50.69850376
851129
50.69851143
851895
50.63851909
852661
50.63852675
853427
50.56853441
854194
50.56854207
854960
50.56854973
855726
50.50855739
856492
50.50856505
857257
50.50857271
858023
50.50858037
858789
50.50858803
859555
50.44859569
860321
50.44860335
861087
50.44861101
861853
50.44861867
862619
50.44862632
863385
50.44863398
864151
50.38864164
864917
50.38864930
865683
50.38865696
866449
50.31866462
867215
50.31867229
867981
50.31867995
868747
50.31868761
869513
50.31869527
870280
50.31870293
871046
50.31871059
871812
50.25871825
872578
50.25872591
873344
50.25873357
874109
50.25874123
874875
50.25874889
875641
50.25875655
876407
50.25876421
877173
50.19877187
877939
50.19877953
878705
50.19878718
879471
50.13879484
880237
50.13880250
881003
50.13881016
881769
50.06881782
882535
50.06882549
883301
50.06883315
884067
50.06884081
884833
50.06884847
885599
50.00885613
886366
50.00886379
887132
50.00887145
887898
50.00887911
888664
50.00888677
889430
50.00889443
890195
49.94890209
890961
49.94890975
891727
49.94891741
892493
49.94892507
893259
49.88893273
894025
49.88894039
894791
49.81894804
895557
49.81895570
896323
49.75896336
897089
49.75897102
897855
49.75897868
898621
49.75898634
899387
49.75899400
900153
49.75900167
900919
49.69900933
901685
49.69901699
902451
49.69902465
903218
49.69903231
903984
49.69903997
904750
49.69904763
905516
49.63905529
906281
49.63906295
907047
49.63907061
907813
49.56907827
908579
49.56908593
909345
49.50909359
910111
49.50910125
910877
49.50910891
911643
49.50911656
912409
49.50912422
913175
49.44913188
913941
49.44913954
914707
49.44914720
915473
49.44915486
916239
49.38916253
917005
49.38917019
917771
49.38917785
918538
49.31918551
919304
49.31919317
920070
49.31920083
920836
49.25920849
921602
49.25921615
922368
49.25922381
923133
49.19923147
923899
49.19923913
924665
49.19924679
925431
49.19925445
926197
49.19926211
926963
49.19926977
927729
49.19927742
928495
49.13928508
929261
49.13929274
930027
49.13930040
930793
49.13930807
931559
49.13931573
932325
49.06932339
933091
49.06933105
933858
49.06933871
934624
49.06934637
935390
49.06935403
936156
49.06936169
936922
49.06936935
937688
49.06937701
938454
49.06938467
939219
49.00939233
939985
49.00939999
940751
49.00940765
941517
49.00941531
942283
49.00942297
943049
49.00943063
943815
48.94943828
944581
48.94944594
945347
48.94945360
946113
48.94946126
946879
48.88946892
947645
48.88947659
948411
48.88948425
949177
48.88949191
949943
48.88949957
950710
48.88950723
951476
48.88951489
952242
48.81952255
953008
48.88953021
953774
48.81953787
954540
48.81954553
955305
48.81955319
956071
48.81956085
956837
48.81956851
957603
48.81957617
958369
48.81958383
959135
48.75959149
959901
48.75959915
960667
48.75960680
961433
48.75961446
962199
48.75962212
962965
48.69962979
963731
48.69963745
964497
48.69964511
965263
48.69965277
966029
48.63966043
966796
48.63966809
967562
48.63967575
968328
48.63968341
969094
48.56969107
969860
48.56969873
970626
48.56970639
971392
48.56971405
972157
48.56972171
972923
48.56972937
973689
48.56973703
974455
48.50974469
975221
48.50975235
975987
48.50976001
976753
48.50976766
977519
48.50977532
978285
48.44978298
979051
48.44979065
979817
48.44979831
980583
48.44980597
981349
48.38981363
982116
48.38982129
982882
48.38982895
983648
48.38983661
984414
48.38984427
985180
48.38985193
985946
48.38985959
986712
48.38986725
987478
48.31987491
988243
48.31988257
989009
48.31989023
989775
48.31989789
990541
48.31990555
991307
48.25991321
992073
48.25992087
992839
48.25992852
993605
48.19993619
994371
48.19994385
995137
48.19995151
995903
48.13995917
996670
48.13996683
997436
48.06997449
998202
48.06998215
998968
48.06998981
999734
48.00999747
1000500
48.001000513
1001266
47.941001279
1002032
47.941002045
1002798
47.941002811
1003564
47.881003578
1004329
47.881004344
1005096
47.881005110
1005862
47.881005876
1006628
47.881006642
1007394
47.811007408
1008160
47.811008174
1008926
47.811008941
1009693
47.811009707
1010459
47.811010472
1011225
47.811011238
1011991
47.811012004
1012757
47.751012770
1013523
47.751013537
1014289
47.751014303
1015056
47.691015069
1015822
47.691015835
1016588
47.691016601
1017354
47.691017367
1018120
47.691018133
1018886
47.631018900
1019652
47.631019666
1020419
47.631020432
1021185
47.631021198
1021950
47.631021964
1022716
47.561022730
1023482
47.561023496
1024248
47.561024263
1025015
47.561025029
1025781
47.561025795
1026547
47.561026561
1027313
47.561027326
1028079
47.561028092
1028845
47.561028858
1029611
47.561029625
1030378
47.561030391
1031144
47.561031157
1031910
47.561031923
1032676
47.501032689
1033442
47.501033455
1034208
47.501034221
1034974
47.501034988
1035741
47.501035754
1036507
47.501036520
1037273
47.501037286
1038039
47.501038052
1038804
47.441038818
1039570
47.441039584
1040336
47.441040351
1041103
47.441041117
1041869
47.441041883
1042635
47.441042649
1043401
47.441043415
1044167
47.381044180
1044933
47.381044947
1045699
47.381045713
1046466
47.311046479
1047232
47.311047245
1047998
47.251048011
1048764
47.251048777
1049530
47.191049543
1050296
47.191050310
1051062
47.131051076
1051829
47.131051842
1052595
47.061052608
1053361
47.061053374
1054127
47.001054140
1054893
47.001054906
1055659
47.001055673
1056424
47.001056439
1057191
47.001057205
1057957
47.001057971
1058723
47.001058737
1059489
47.001059503
1060255
47.001060269
1061021
47.001061036
1061787
47.001061801
1062554
47.001062567
1063320
47.001063333
1064086
47.001064099
1064852
47.001064865
1065618
47.001065631
1066384
46.941066397
1067150
46.941067164
1067917
46.941067930
1068683
46.941068696
1069449
46.941069462
1070215
46.941070228
1070981
46.941070994
1071747
46.941071760
1072513
46.941072527
1073280
46.941073293
1074045
46.881074059
1074811
46.881074825
1075577
46.881075591
1076343
46.881076357
1077109
46.881077124
1077875
46.881077890
1078642
46.881078656
1079408
46.881079421
1080174
46.811080187
1080940
46.811080953
1081706
46.811081719
1082472
46.811082486
1083238
46.811083252
1084005
46.751084018
1084771
46.751084784
1085537
46.751085550
1086303
46.751086316
1087069
46.751087082
1087835
46.751087849
1088602
46.751088615
1089368
46.691089381
1090134
46.691090147
1090899
46.691090913
1091665
46.691091679
1092431
46.691092446
1093197
46.691093212
1093964
46.631093978
1094730
46.631094744
1095496
46.631095510
1096262
46.631096275
1097028
46.631097041
1097794
46.631097808
1098560
46.631098574
1099327
46.561099340
1100093
46.561100106
1100859
46.561100872
1101625
46.561101638
1102391
46.561102404
1103157
46.561103171
1103923
46.561103937
1104690
46.561104703
1105456
46.501105469
1106222
46.501106235
1106988
46.501107001
1107753
46.501107767
1108519
46.441108534
1109286
46.441109300
1110052
46.441110066
1110818
46.381110832
1111584
46.381111598
1112350
46.381112364
1113116
46.311113131
1113882
46.311113896
1114649
46.311114662
1115415
46.251115428
1116181
46.251116194
1116947
46.251116960
1117713
46.251117726
1118479
46.191118493
1119245
46.191119259
1120012
46.191120025
1120778
46.191120791
1121544
46.191121557
1122310
46.191122323
1123076
46.191123089
1123842
46.131123856
1124609
46.131124622
1125374
46.131125388
1126140
46.131126154
1126906
46.061126920
1127672
46.061127686
1128438
46.061128453
1129204
46.061129219
1129971
46.001129985
1130737
46.001130750
1131503
46.001131516
1132269
46.001132282
1133035
46.001133048
1133801
45.941133814
1134567
45.941134581
1135334
45.941135347
1136100
45.941136113
1136866
45.941136879
1137632
45.941137645
1138398
45.941138411
1139164
45.941139178
1139930
45.941139944
1140697
45.941140710
1141463
45.941141476
1142228
45.941142242
1142994
45.941143008
1143760
45.941143774
1144526
45.941144541
1145292
45.941145307
1146059
45.941146073
1146825
45.941146839
1147591
45.941147604
1148357
45.941148370
1149123
45.941149136
1149889
45.881149903
1150655
45.881150669
1151422
45.881151435
1152188
45.881152201
1152954
45.881152967
1153720
45.811153733
1154486
45.811154499
1155252
45.811155266
1156019
45.811156032
1156785
45.811156798
1157551
45.751157564
1158317
45.751158330
1159083
45.751159096
1159848
45.751159863
1160614
45.751160629
1161381
45.691161395
1162147
45.691162161
1162913
45.691162927
1163679
45.691163693
1164445
45.631164459
1165211
45.631165225
1165977
45.631165991
1166744
45.631166757
1167510
45.631167523
1168276
45.631168289
1169042
45.561169055
1169808
45.561169821
1170574
45.561170588
1171341
45.561171354
1172107
45.561172120
1172873
45.501172886
1173639
45.501173652
1174405
45.501174418
1175171
45.501175184
1175937
45.501175951
1176704
45.501176717
1177469
45.501177483
1178235
45.441178249
1179001
45.441179015
1179767
45.441179781
1180533
45.441180548
1181299
45.441181314
1182066
45.441182080
1182832
45.441182845
1183598
45.381183611
1184364
45.381184377
1185130
45.381185143
1185896
45.311185910
1186662
45.311186676
1187429
45.311187442
1188195
45.311188208
1188961
45.251188974
1189727
45.251189740
1190493
45.251190506
1191259
45.251191273
1192026
45.191192039
1192792
45.191192805
1193558
45.191193571
1194323
45.191194337
1195089
45.191195103
1195855
45.191195870
1196621
45.191196636
1197388
45.191197402
1198154
45.131198168
1198920
45.131198934
1199686
45.131199699
1200452
45.131200465
1201218
45.061201232
1201984
45.061201998
1202751
45.061202764
1203517
45.061203530
1204283
45.061204296
1205049
45.001205062
1205815
45.001205828
1206581
45.001206595
1207347
45.001207361
1208114
45.001208127
1208880
45.001208893
1209646
45.001209659
1210412
44.941210425
1211177
44.941211191
1211943
44.941211958
1212709
44.941212724
1213476
44.941213490
1214242
44.941214256
1215008
44.941215022
1215774
44.941215788
1216540
44.941216553
1217306
44.941217320
1218073
44.941218086
1218839
44.941218852
1219605
44.881219618
1220371
44.881220384
1221137
44.881221150
1221903
44.881221917
1222669
44.881222683
1223436
44.881223449
1224202
44.881224215
1224968
44.811224981
1225734
44.811225747
1226500
44.811226513
1227266
44.811227280
1228032
44.811228046
1228798
44.811228812
1229564
44.811229578
1230330
44.751230344
1231096
44.751231110
1231862
44.751231876
1232628
44.751232643
1233395
44.751233409
1234161
44.751234174
1234927
44.751234940
1235693
44.751235706
1236459
44.751236472
1237225
44.691237239
1237991
44.691238005
1238758
44.691238771
1239524
44.691239537
1240290
44.691240303
1241056
44.691241069
1241822
44.691241835
1242588
44.691242602
1243354
44.691243368
1244121
44.691244134
1244887
44.631244900
1245652
44.631245666
1246418
44.631246432
1247184
44.631247198
1247950
44.631247965
1248716
44.631248731
1249483
44.631249497
1250249
44.631250263
1251015
44.561251028
1251781
44.561251794
1252547
44.561252561
1253313
44.561253327
1254080
44.561254093
1254846
44.501254859
1255612
44.501255625
1256378
44.501256391
1257144
44.501257157
1257910
44.441257924
1258676
44.441258690
1259443
44.441259456
1260209
44.441260222
1260975
44.381260988
1261741
44.381261754
1262507
44.381262520
1263272
44.381263287
1264038
44.381264053
1264805
44.311264819
1265571
44.311265585
1266337
44.311266351
1267103
44.311267117
1267869
44.311267884
1268635
44.251268649
1269402
44.251269415
1270168
44.251270181
1270934
44.251270947
1271700
44.251271713
1272466
44.251272479
1273232
44.191273246
1273998
44.191274012
1274765
44.191274778
1275531
44.191275544
1276297
44.191276310
1277063
44.191277076
1277829
44.131277842
1278595
44.131278609
1279362
44.131279375
1280128
44.131280141
1280893
44.131280907
1281659
44.131281673
1282425
44.131282439
1283191
44.131283206
1283957
44.131283972
1284724
44.131284738
1285490
44.131285504
1286256
44.131286269
1287022
44.131287035
1287788
44.061287801
1288554
44.061288568
1289320
44.061289334
1290087
44.061290100
1290853
44.061290866
1291619
44.061291632
1292385
44.001292398
1293151
44.001293164
1293917
44.001293931
1294683
44.001294697
1295450
43.941295463
1296216
43.941296229
1296982
43.941296995
1297747
43.941297761
1298513
43.881298527
1299279
43.881299294
1300045
43.881300060
1300812
43.881300826
1301578
43.881301592
1302344
43.811302358
1303110
43.811303123
1303876
43.811303890
1304642
43.811304656
1305409
43.811305422
1306175
43.751306188
1306941
43.751306954
1307707
43.751307720
1308473
43.751308486
1309239
43.751309253
1310005
43.751310019
1310772
43.751310785
1311538
43.751311551
1312304
43.751312317
1313070
43.751313083
1313836
43.751313849
1314601
43.751314616
1315367
43.751315382
1316134
43.751316148
1316900
43.751316914
1317666
43.751317680
1318432
43.751318446
1319198
43.751319212
1319964
43.751319979
1320730
43.751320744
1321497
43.751321510
1322263
43.751322276
1323029
43.751323042
1323795
43.691323808
1324561
43.691324574
1325327
43.691325341
1326093
43.691326107
1326860
43.691326873
1327626
43.691327639
1328392
43.691328405
1329158
43.631329171
1329924
43.631329937
1330690
43.631330704
1331457
43.631331470
1332222
43.631332236
1332988
43.631333002
1333754
43.631333768
1334520
43.561334534
1335286
43.561335301
1336052
43.561336067
1336819
43.501336833
1337585
43.501337598
1338351
43.501338364
1339117
43.501339130
1339883
43.441339896
1340649
43.441340663
1341415
43.441341429
1342182
43.441342195
1342948
43.441342961
1343714
43.381343727
1344480
43.381344493
1345246
43.381345259
1346012
43.311346026
1346778
43.311346792
1347545
43.311347558
1348311
43.311348324
1349076
43.311349090
1349842
43.251349856
1350608
43.251350622
1351374
43.251351389
1352141
43.251352155
1352907
43.191352921
1353673
43.191353687
1354439
43.191354452
1355205
43.191355218
1355971
43.191355985
1356737
43.191356751
1357504
43.191357517
1358270
43.191358283
1359036
43.191359049
1359802
43.131359815
1360568
43.131360581
1361334
43.131361348
1362100
43.131362114
1362867
43.131362880
1363633
43.131363646
1364399
43.131364412
1365165
43.131365178
1365931
43.131365944
1366696
43.131366711
1367463
43.131367477
1368229
43.131368243
1368995
43.131369009
1369761
43.131369775
1370527
43.131370541
1371293
43.061371308
1372059
43.061372073
1372826
43.061372839
1373592
43.061373605
1374358
43.061374371
1375124
43.061375137
1375890
43.061375903
1376656
43.061376670
1377422
43.061377436
1378189
43.061378202
1378955
43.001378968
1379721
43.001379734
1380487
43.001380500
1381253
43.001381266
1382019
43.001382033
1382785
43.001382799
1383552
43.001383565
1384317
42.941384331
1385083
42.941385097
1385849
42.941385863
1386615
42.941386629
1387381
42.941387396
1388147
42.941388162
1388914
42.881388928
1389680
42.881389693
1390446
42.881390459
1391212
42.881391225
1391978
42.881391991
1392744
42.881392758
1393510
42.811393524
1394277
42.811394290
1395043
42.811395056
1395809
42.811395822
1396575
42.811396588
1397341
42.751397354
1398107
42.751398121
1398874
42.751398887
1399640
42.751399653
1400406
42.691400419
1401171
42.691401185
1401937
42.691401951
1402703
42.691402718
1403469
42.631403484
1404236
42.631404250
1405002
42.631405016
1405768
42.561405782
1406534
42.561406547
1407300
42.561407313
1408066
42.561408080
1408832
42.561408846
1409599
42.561409612
1410365
42.561410378
1411131
42.561411144
1411897
42.561411910
1412663
42.561412676
1413429
42.501413443
1414195
42.561414209
1414962
42.501414975
1415728
42.501415741
1416494
42.501416507
1417260
42.501417273
1418025
42.501418039
1418791
42.501418806
1419557
42.501419572
1420324
42.501420338
1421090
42.501421104
1421856
42.501421870
1422622
42.501422636
1423388
42.501423401
1424154
42.441424168
1424920
42.441424934
1425687
42.441425700
1426453
42.441426466
1427219
42.381427232
1427985
42.381427998
1428751
42.381428764
1429517
42.381429531
1430284
42.381430297
1431050
42.311431063
1431816
42.311431829
1432582
42.311432595
1433348
42.311433361
1434114
42.251434128
1434880
42.251434894
1435646
42.251435660
1436412
42.251436426
1437178
42.191437192
1437944
42.191437958
1438710
42.191438724
1439476
42.191439491
1440242
42.191440257
1441009
42.191441022
1441775
42.131441788
1442541
42.191442554
1443307
42.191443320
1444073
42.191444086
1444839
42.191444853
1445606
42.191445619
1446372
42.191446385
1447138
42.191447151
1447904
42.191447917
1448670
42.191448683
1449436
42.191449450
1450202
42.191450216
1450969
42.191450982
1451735
42.191451748
1452500
42.191452514
1453266
42.191453280
1454032
42.191454046
1454798
42.131454813
1455564
42.131455579
1456331
42.131456345
1457097
42.131457111
1457863
42.131457876
1458629
42.061458642
1459395
42.061459408
1460161
42.061460175
1460928
42.061460941
1461694
42.061461707
1462460
42.001462473
1463226
42.001463239
1463992
42.001464005
1464758
41.941464771
1465524
41.941465538
1466290
41.941466304
1467057
41.941467070
1467823
41.941467836
1468589
41.941468602
1469355
41.941469368
1470120
41.881470134
1470886
41.881470901
1471653
41.881471667
1472419
41.881472433
1473185
41.881473199
1473951
41.881473965
1474717
41.881474731
1475483
41.881475497
1476249
41.811476263
1477016
41.811477029
1477782
41.811477795
1478548
41.811478561
1479314
41.811479327
1480080
41.811480093
1480846
41.811480860
1481612
41.751481626
1482379
41.811482392
1483145
41.751483158
1483911
41.751483924
1484677
41.751484690
1485443
41.751485456
1486209
41.751486223
1486974
41.751486989
1487741
41.751487755
1488507
41.691488521
1489273
41.691489287
1490039
41.691490053
1490805
41.691490820
1491571
41.691491586
1492338
41.691492352
1493104
41.631493117
1493870
41.631493883
1494636
41.631494649
1495402
41.631495415
1496168
41.631496182
1496934
41.631496948
1497701
41.561497714
1498467
41.561498480
1499233
41.561499246
1499999
41.561500012
1500765
41.561500778
1501531
41.561501545
1502297
41.561502311
1503064
41.561503077
1503830
41.561503843
1504595
41.561504609
1505361
41.561505375
1506127
41.561506142
1506893
41.561506908
1507660
41.561507674
1508426
41.561508440
1509192
41.561509206
1509958
41.561509971
1510724
41.561510737
1511490
41.561511504
1512256
41.561512270
1513023
41.501513036
1513789
41.501513802
1514555
41.501514568
1515321
41.501515334
1516087
41.501516100
1516853
41.501516867
1517619
41.501517633
1518386
41.501518399
1519152
41.501519165
1519918
41.501519931
1520684
41.501520697
1521449
41.501521463
1522215
41.441522230
1522981
41.441522996
1523748
41.441523762
1524514
41.441524528
1525280
41.381525294
1526046
41.381526060
1526812
41.381526825
1527578
41.381527592
1528345
41.381528358
1529111
41.311529124
1529877
41.311529890
1530643
41.311530656
1531409
41.311531422
1532175
41.311532189
1532941
41.311532955
1533708
41.251533721
1534474
41.251534487
1535240
41.251535253
1536006
41.251536019
1536772
41.251536785
1537538
41.251537552
1538304
41.191538318
1539070
41.191539084
1539836
41.191539850
1540602
41.191540616
1541368
41.191541382
1542134
41.191542148
1542900
41.191542915
1543667
41.191543681
1544433
41.191544446
1545199
41.131545212
1545965
41.131545978
1546731
41.131546744
1547497
41.131547511
1548263
41.131548277
1549030
41.131549043
1549796
41.131549809
1550562
41.131550575
1551328
41.131551341
1552094
41.131552107
1552860
41.131552874
1553627
41.131553640
1554393
41.131554406
1555159
41.131555172
1555924
41.131555938
1556690
41.131556704
1557456
41.131557471
1558222
41.131558237
1558989
41.131559003
1559755
41.131559769
1560521
41.131560535
1561287
41.131561300
1562053
41.131562067
1562819
41.131562833
1563586
41.131563599
1564352
41.061564365
1565118
41.061565131
1565884
41.061565897
1566650
41.061566663
1567416
41.061567430
1568182
41.001568196
1568949
41.061568962
1569715
41.001569728
1570481
41.001570494
1571247
41.001571260
1572013
41.001572026
1572779
41.001572793
1573544
41.001573559
1574311
41.001574325
1575077
41.001575091
1575843
41.001575857
1576609
40.941576623
1577375
40.941577389
1578141
40.941578156
1578907
40.941578921
1579674
40.941579687
1580440
40.941580453
1581206
40.941581219
1581972
40.941581985
1582738
40.941582751
1583504
40.941583518
1584270
40.941584284
1585037
40.941585050
1585803
40.941585816
1586569
40.881586582
1587335
40.881587348
1588101
40.881588114
1588867
40.881588881
1589634
40.881589647
1590400
40.881590413
1591165
40.811591179
1591931
40.811591945
1592697
40.811592711
1593463
40.811593478
1594229
40.811594244
1594996
40.811595010
1595762
40.811595776
1596528
40.811596541
1597294
40.811597307
1598060
40.751598073
1598826
40.751598840
1599592
40.751599606
1600359
40.751600372
1601125
40.751601138
1601891
40.751601904
1602657
40.751602670
1603423
40.751603436
1604189
40.691604203
1604955
40.751604969
1605722
40.751605735
1606488
40.691606501
1607254
40.691607267
1608019
40.691608033
1608785
40.691608799
1609551
40.691609566
1610318
40.691610332
1611084
40.691611098
1611850
40.691611864
1612616
40.691612630
1613382
40.631613395
1614148
40.631614162
1614914
40.631614928
1615681
40.631615694
1616447
40.561616460
1617213
40.561617226
1617979
40.561617992
1618745
40.561618758
1619511
40.561619525
1620277
40.501620291
1621044
40.501621057
1621810
40.501621823
1622576
40.501622589
1623342
40.501623355
1624108
40.441624121
1624873
40.441624888
1625639
40.441625654
1626406
40.441626420
1627172
40.381627186
1627938
40.381627952
1628704
40.381628718
1629470
40.381629484
1630236
40.381630251
1631003
40.381631016
1631769
40.381631782
1632535
40.311632548
1633301
40.311633314
1634067
40.311634080
1634833
40.311634847
1635599
40.311635613
1636366
40.311636379
1637132
40.311637145
1637898
40.311637911
1638664
40.311638677
1639430
40.311639443
1640196
40.311640210
1640962
40.311640976
1641729
40.311641742
1642494
40.311642508
1643260
40.311643274
1644026
40.311644040
1644792
40.251644806
1645558
40.311645573
1646325
40.251646339
1647091
40.251647105
1647857
40.251647870
1648623
40.251648636
1649389
40.251649402
1650155
40.191650168
1650921
40.191650935
1651688
40.191651701
1652454
40.191652467
1653220
40.191653233
1653986
40.191653999
1654752
40.191654765
1655518
40.131655532
1656284
40.131656298
1657051
40.131657064
1657817
40.131657830
1658583
40.061658596
1659348
40.061659362
1660114
40.061660128
1660880
40.061660895
1661646
40.001661661
1662413
40.001662427
1663179
40.001663193
1663945
40.001663959
1664711
40.001664724
1665477
40.001665490
1666243
40.001666257
1667009
40.001667023
1667776
40.001667789
1668542
39.941668555
1669308
40.001669321
1670074
39.941670087
1670840
39.941670853
1671606
39.941671619
1672372
39.941672386
1673139
39.941673152
1673905
39.941673918
1674671
39.941674684
1675437
39.941675450
1676203
39.941676216
1676968
39.941676983
1677734
39.881677749
1678501
39.941678515
1679267
39.881679281
1680033
39.881680047
1680799
39.881680813
1681565
39.881681579
1682331
39.881682345
1683097
39.881683111
1683864
39.881683877
1684630
39.881684643
1685396
39.811685409
1686162
39.811686175
1686928
39.811686941
1687694
39.811687708
1688460
39.811688474
1689227
39.811689240
1689993
39.811690006
1690759
39.811690772
1691525
39.811691538
1692291
39.811692304
1693057
39.811693071
1693824
39.811693837
1694589
39.811694603
1695355
39.751695369
1696121
39.751696135
1696887
39.751696901
1697653
39.751697668
1698419
39.751698434
1699186
39.751699200
1699952
39.751699965
1700718
39.751700731
1701484
39.751701497
1702250
39.751702263
1703016
39.751703030
1703782
39.691703796
1704549
39.691704562
1705315
39.691705328
1706081
39.691706094
1706847
39.691706860
1707613
39.691707626
1708379
39.691708393
1709145
39.691709159
1709912
39.691709925
1710678
39.691710691
1711443
39.631711457
1712209
39.631712223
1712975
39.631712989
1713741
39.631713756
1714508
39.631714522
1715274
39.631715288
1716040
39.631716054
1716806
39.631716819
1717572
39.631717585
1718338
39.631718352
1719104
39.631719118
1719871
39.631719884
1720637
39.631720650
1721403
39.561721416
1722169
39.561722182
1722935
39.561722948
1723701
39.561723715
1724468
39.561724481
1725234
39.561725247
1726000
39.561726013
1726766
39.561726779
1727532
39.501727545
1728297
39.501728311
1729063
39.501729078
1729830
39.501729844
1730596
39.501730610
1731362
39.501731376
1732128
39.501732142
1732894
39.501732908
1733660
39.501733673
1734426
39.501734440
1735193
39.441735206
1735959
39.441735972
1736725
39.441736738
1737491
39.441737504
1738257
39.441738270
1739023
39.441739037
1739789
39.441739803
1740556
39.441740569
1741322
39.381741335
1742088
39.381742101
1742854
39.381742867
1743620
39.381743633
1744386
39.381744400
1745152
39.381745166
1745918
39.381745932
1746684
39.381746698
1747450
39.381747464
1748216
39.381748230
1748982
39.311748997
1749748
39.311749763
1750515
39.311750529
1751281
39.311751294
1752047
39.311752060
1752813
39.311752826
1753579
39.311753592
1754345
39.311754359
1755111
39.311755125
1755878
39.251755891
1756644
39.251756657
1757410
39.251757423
1758176
39.251758189
1758942
39.251758955
1759708
39.251759722
1760474
39.251760488
1761241
39.191761254
1762007
39.191762020
1762772
39.191762786
1763538
39.191763552
1764304
39.191764318
1765070
39.191765085
1765837
39.191765851
1766603
39.191766617
1767369
39.191767383
1768135
39.191768148
1768901
39.191768914
1769667
39.191769681
1770433
39.191770447
1771200
39.131771213
1771966
39.131771979
1772732
39.131772745
1773498
39.131773511
1774264
39.131774277
1775030
39.131775044
1775796
39.061775810
1776563
39.061776576
1777329
39.061777342
1778095
39.061778108
1778861
39.061778874
1779627
39.061779640
1780392
39.061780407
1781159
39.001781173
1781925
39.001781939
1782691
39.001782705
1783457
39.001783471
1784223
39.001784237
1784989
38.941785003
1785755
39.001785769
1786521
38.941786535
1787288
38.941787301
1788054
38.941788067
1788820
38.941788833
1789586
38.941789599
1790352
38.941790365
1791118
38.881791132
1791885
38.881791898
1792651
38.881792664
1793417
38.881793430
1794183
38.881794196
1794949
38.881794962
1795715
38.881795729
1796481
38.881796495
1797248
38.881797261
1798013
38.881798027
1798779
38.881798793
1799545
38.881799559
1800311
38.881800325
1801077
38.881801092
1801843
38.881801858
1802610
38.881802624
1803376
38.881803389
1804142
38.881804155
1804908
38.881804921
1805674
38.881805688
1806440
38.881806454
1807207
38.881807220
1807973
38.881807986
1808739
38.881808752
1809505
38.811809518
1810271
38.811810284
1811037
38.811811051
1811803
38.811811817
1812570
38.811812583
1813336
38.811813349
1814102
38.811814115
1814867
38.811814881
1815633
38.811815647
1816399
38.811816414
1817165
38.811817180
1817932
38.811817946
1818698
38.811818712
1819464
38.751819478
1820230
38.751820243
1820996
38.751821009
1821762
38.751821776
1822529
38.751822542
1823295
38.751823308
1824061
38.751824074
1824827
38.691824840
1825593
38.691825606
1826359
38.691826373
1827125
38.691827139
1827892
38.691827905
1828658
38.691828671
1829424
38.631829437
1830190
38.631830203
1830956
38.631830969
1831721
38.631831736
1832487
38.631832502
1833254
38.631833268
1834020
38.631834034
1834786
38.631834800
1835552
38.561835566
1836318
38.561836333
1837084
38.561837099
1837851
38.561837864
1838617
38.561838630
1839383
38.561839396
1840149
38.561840162
1840915
38.501840928
1841681
38.501841695
1842447
38.501842461
1843214
38.501843227
1843980
38.501843993
1844746
38.441844759
1845512
38.441845525
1846278
38.441846291
1847044
38.441847058
1847810
38.441847824
1848577
38.441848590
1849342
38.381849356
1850108
38.381850122
1850874
38.381850888
1851640
38.381851654
1852406
38.381852421
1853173
38.381853187
1853939
38.381853953
1854705
38.381854718
1855471
38.381855484
1856237
38.381856250
1857003
38.381857017
1857769
38.311857783
1858536
38.311858549
1859302
38.311859315
1860068
38.311860081
1860834
38.311860847
1861600
38.311861613
1862366
38.311862380
1863132
38.311863146
1863899
38.311863912
1864665
38.311864678
1865431
38.251865444
1866196
38.251866210
1866962
38.251866977
1867728
38.251867743
1868495
38.251868509
1869261
38.251869275
1870027
38.251870041
1870793
38.251870807
1871559
38.251871572
1872325
38.251872339
1873091
38.191873105
1873858
38.191873871
1874624
38.191874637
1875390
38.191875403
1876156
38.191876169
1876922
38.191876935
1877688
38.191877702
1878454
38.191878468
1879221
38.191879234
1879987
38.191880000
1880753
38.191880766
1881519
38.191881532
1882285
38.191882298
1883051
38.191883065
1883817
38.191883831
1884583
38.191884597
1885349
38.191885363
1886115
38.191886129
1886881
38.191886895
1887647
38.191887662
1888413
38.191888428
1889180
38.191889193
1889946
38.191889959
1890712
38.191890725
1891478
38.131891491
1892244
38.131892257
1893010
38.131893024
1893776
38.131893790
1894543
38.131894556
1895309
38.131895322
1896075
38.131896088
1896841
38.061896854
1897607
38.061897621
1898373
38.061898387
1899140
38.061899153
1899906
38.061899919
1900672
38.061900685
1901437
38.061901451
1902203
38.061902217
1902969
38.061902984
1903735
38.001903750
1904502
38.001904516
1905268
38.001905282
1906034
38.001906048
1906800
38.001906813
1907566
38.001907579
1908332
38.001908346
1909098
37.941909112
1909865
38.001909878
1910631
37.941910644
1911397
37.941911410
1912163
37.941912176
1912929
37.941912942
1913695
37.941913709
1914461
37.941914475
1915228
37.941915241
1915994
37.941916007
1916760
37.941916773
1917526
37.941917539
1918291
37.941918305
1919057
37.941919072
1919823
37.941919838
1920590
37.881920604
1921356
37.881921370
1922122
37.881922136
1922888
37.881922902
1923654
37.881923667
1924420
37.881924434
1925187
37.881925200
1925953
37.881925966
1926719
37.881926732
1927485
37.881927498
1928251
37.881928264
1929017
37.881929031
1929783
37.881929797
1930550
37.881930563
1931316
37.881931329
1932082
37.881932095
1932848
37.881932861
1933614
37.881933627
1934380
37.881934394
1935147
37.881935160
1935912
37.811935926
1936678
37.881936692
1937444
37.811937458
1938210
37.811938224
1938976
37.811938991
1939742
37.811939757
1940509
37.811940523
1941275
37.811941288
1942041
37.811942054
1942807
37.811942820
1943573
37.751943586
1944339
37.751944353
1945105
37.751945119
1945872
37.751945885
1946638
37.751946651
1947404
37.751947417
1948170
37.751948183
1948936
37.751948949
1949702
37.691949716
1950469
37.691950482
1951235
37.691951248
1952001
37.691952014
1952766
37.691952780
1953532
37.691953546
1954298
37.691954313
1955064
37.691955079
1955831
37.691955845
1956597
37.691956611
1957363
37.691957377
1958129
37.691958142
1958895
37.691958908
1959661
37.631959675
1960427
37.691960441
1961194
37.631961207
1961960
37.631961973
1962726
37.631962739
1963492
37.631963505
1964258
37.631964271
1965024
37.631965038
1965791
37.561965804
1966557
37.561966570
1967323
37.561967336
1968089
37.561968102
1968855
37.501968868
1969620
37.501969635
1970386
37.501970401
1971153
37.501971167
1971919
37.441971933
1972685
37.441972699
1973451
37.441973465
1974217
37.441974231
1974983
37.441974998
1975749
37.441975763
1976516
37.441976529
1977282
37.381977295
1978048
37.381978061
1978814
37.381978827
1979580
37.381979593
1980346
37.381980360
1981112
37.311981126
1981879
37.311981892
1982645
37.311982658
1983411
37.311983424
1984177
37.311984190
1984943
37.251984957
1985709
37.251985723
1986476
37.251986489
1987241
37.251987255
1988007
37.251988021
1988773
37.251988787
1989539
37.251989553
1990305
37.251990320
1991071
37.251991086
1991838
37.251991852
1992604
37.251992617
1993370
37.251993383
1994136
37.251994149
1994902
37.251994915
1995668
37.251995682
1996435
37.251996448
1997201
37.251997214
1997967
37.251997980
1998733
37.251998746
1999499
37.251999512
2000265
37.252000279
2001031
37.252001045
2001798
37.252001811
2002564
37.252002577
2003330
37.252003343
2004096
37.252004109
2004861
37.252004875
2005627
37.252005642
2006393
37.252006408
2007160
37.252007174
2007926
37.192007940
2008692
37.192008706
2009458
37.192009472
2010224
37.192010237
2010990
37.192011004
2011756
37.192011770
2012523
37.192012536
2013289
37.192013302
2014055
37.192014068
2014821
37.192014834
2015587
37.132015600
2016353
37.192016367
2017120
37.132017133
2017886
37.132017899
2018652
37.132018665
2019418
37.132019431
2020184
37.132020197
2020950
37.132020964
2021715
37.132021730
2022482
37.132022496
2023248
37.132023262
2024014
37.132024028
2024780
37.132024794
2025546
37.132025561
2026312
37.132026327
2027079
37.132027092
2027845
37.132027858
2028611
37.132028624
2029377
37.132029390
2030143
37.132030156
2030909
37.132030923
2031676
37.132031689
2032442
37.132032455
2033208
37.062033221
2033974
37.132033987
2034740
37.062034753
2035506
37.062035520
2036272
37.062036286
2037039
37.062037052
2037805
37.062037818
2038571
37.062038584
2039336
37.062039350
2040102
37.062040116
2040868
37.062040883
2041634
37.062041649
2042401
37.062042415
2043167
37.062043181
2043933
37.062043947
2044699
37.062044712
2045465
37.062045478
2046231
37.062046245
2046997
37.062047011
2047764
37.062047777
2048530
37.062048543
2049296
37.062049309
2050062
37.062050075
2050828
37.062050841
2051594
37.062051608
2052360
37.062052374
2053127
37.062053140
2053893
37.062053906
2054659
37.062054672
2055425
37.062055438
2056190
37.062056204
2056956
37.062056971
2057722
37.062057737
2058489
37.062058503
2059255
37.002059269
2060021
37.002060035
2060787
37.002060801
2061553
36.942061566
2062319
36.942062333
2063085
36.942063099
2063852
36.942063865
2064618
36.942064631
2065384
36.882065397
2066150
36.882066163
2066916
36.882066929
2067682
36.882067696
2068448
36.812068462
2069215
36.812069228
2069981
36.812069994
2070747
36.812070760
2071513
36.812071526
2072279
36.752072292
2073044
36.752073059
2073810
36.752073825
2074577
36.752074591
2075343
36.752075357
2076109
36.752076123
2076875
36.752076889
2077641
36.692077655
2078407
36.692078422
2079173
36.692079187
2079940
36.692079953
2080706
36.692080719
2081472
36.692081485
2082238
36.692082251
2083004
36.692083017
2083770
36.632083784
2084537
36.632084550
2085303
36.632085316
2086069
36.632086082
2086835
36.632086848
2087601
36.632087614
2088367
36.632088381
2089133
36.632089147
2089900
36.632089913
2090665
36.632090679
2091431
36.632091445
2092197
36.632092211
2092963
36.632092977
2093729
36.632093744
2094496
36.632094510
2095262
36.632095276
2096028
36.632096041
2096794
36.632096807
2097560
36.632097573
2098326
36.632098340
2099092
36.632099106
2099859
36.632099872
2100625
36.632100638
2101391
36.632101404
2102157
36.632102170
2102923
36.632102936
2103689
36.562103703
2104456
36.562104469
2105222
36.562105235
2105988
36.562106001
2106754
36.562106767
2107520
36.562107533
2108285
36.562108300
2109051
36.562109066
2109818
36.562109832
2110584
36.562110598
2111350
36.562111364
2112116
36.562112130
2112882
36.502112896
2113648
36.502113662
2114414
36.562114428
2115181
36.502115194
2115947
36.502115960
2116713
36.502116726
2117479
36.502117492
2118245
36.502118258
2119011
36.502119025
2119777
36.502119791
2120544
36.502120557
2121310
36.502121323
2122076
36.442122089
2122842
36.442122855
2123608
36.442123621
2124374
36.442124388
2125139
36.442125154
2125906
36.442125920
2126672
36.442126686
2127438
36.382127452
2128204
36.382128218
2128970
36.382128984
2129736
36.382129751
2130503
36.382130516
2131269
36.382131282
2132035
36.312132048
2132801
36.312132814
2133567
36.312133580
2134333
36.312134347
2135099
36.312135113
2135866
36.312135879
2136632
36.312136645
2137398
36.312137411
2138164
36.252138177
2138930
36.252138943
2139696
36.252139710
2140462
36.252140476
2141229
36.252141242
2141995
36.252142008
2142760
36.252142774
2143526
36.252143540
2144292
36.252144306
2145058
36.252145073
2145825
36.252145839
2146591
36.252146605
2147357
36.192147371
2148123
36.192148136
2148889
36.192148902
2149655
36.192149669
2150421
36.192150435
2151188
36.192151201
2151954
36.192151967
2152720
36.192152733
2153486
36.192153499
2154252
36.192154265
2155018
36.192155032
2155784
36.192155798
2156551
36.192156564
2157317
36.192157330
2158083
36.192158096
2158849
36.132158862
2159614
36.132159628
2160380
36.132160395
2161147
36.132161161
2161913
36.132161927
2162679
36.132162693
2163445
36.132163459
2164211
36.132164225
2164977
36.132164992
2165743
36.132165757
2166510
36.132166523
2167276
36.062167289
2168042
36.062168055
2168808
36.062168821
2169574
36.062169587
2170340
36.062170354
2171106
36.062171120
2171873
36.062171886
2172639
36.062172652
2173405
36.062173418
2174171
36.062174184
2174937
36.062174950
2175703
36.062175717
2176468
36.062176483
2177235
36.062177249
2178001
36.062178015
2178767
36.062178781
2179533
36.062179547
2180299
36.062180313
2181065
36.062181080
2181831
36.062181846
2182598
36.062182611
2183364
36.002183377
2184130
36.002184143
2184896
36.002184909
2185662
36.002185675
2186428
36.002186442
2187194
36.002187208
2187961
36.002187974
2188727
36.002188740
2189493
36.002189506
2190259
36.002190272
2191025
36.002191038
2191791
36.002191805
2192557
36.002192571
2193324
35.942193337
2194089
35.942194103
2194855
35.942194869
2195621
35.942195635
2196387
35.942196401
2197153
35.942197168
2197919
35.942197934
2198686
35.942198700
2199452
35.942199465
2200218
35.882200231
2200984
35.882200997
2201750
35.882201763
2202516
35.882202530
2203282
35.882203296
2204049
35.882204062
2204815
35.882204828
2205581
35.882205594
2206347
35.882206360
2207113
35.812207127
2207879
35.812207893
2208646
35.812208659
2209412
35.812209425
2210178
35.812210191
2210944
35.812210957
2211709
35.812211723
2212475
35.812212490
2213241
35.812213256
2214008
35.812214022
2214774
35.812214788
2215540
35.812215554
2216306
35.812216320
2217072
35.752217085
2217838
35.752217852
2218604
35.752218618
2219371
35.752219384
2220137
35.752220150
2220903
35.752220916
2221669
35.752221682
2222435
35.752222449
2223201
35.752223215
2223968
35.752223981
2224734
35.752224747
2225500
35.752225513
2226266
35.752226279
2227032
35.752227045
2227798
35.752227812
2228563
35.752228578
2229330
35.752229344
2230096
35.752230110
2230862
35.752230876
2231628
35.752231642
2232394
35.752232408
2233160
35.692233175
2233926
35.692233940
2234693
35.692234706
2235459
35.692235472
2236225
35.692236238
2236991
35.692237004
2237757
35.692237770
2238523
35.692238537
2239290
35.632239303
2240056
35.632240069
2240822
35.632240835
2241588
35.632241601
2242354
35.632242367
2243120
35.632243134
2243886
35.632243900
2244653
35.562244666
2245419
35.562245432
2246184
35.562246198
2246950
35.562246964
2247716
35.562247730
2248482
35.562248497
2249248
35.562249263
2250015
35.562250029
2250781
35.562250795
2251547
35.562251560
2252313
35.562252326
2253079
35.502253092
2253845
35.502253859
2254612
35.502254625
2255378
35.502255391
2256144
35.502256157
2256910
35.502256923
2257676
35.502257689
2258442
35.502258455
2259208
35.502259222
2259975
35.502259988
2260741
35.502260754
2261507
35.502261520
2262273
35.442262286
2263038
35.442263052
2263804
35.442263819
2264570
35.442264585
2265337
35.442265351
2266103
35.442266117
2266869
35.442266883
2267635
35.442267649
2268401
35.442268414
2269167
35.442269181
2269933
35.442269947
2270700
35.442270713
2271466
35.442271479
2272232
35.442272245
2272998
35.382273011
2273764
35.382273777
2274530
35.382274544
2275296
35.382275310
2276063
35.382276076
2276829
35.382276842
2277595
35.382277608
2278361
35.382278374
2279127
35.312279141
2279892
35.312279907
2280659
35.312280673
2281425
35.312281439
2282191
35.312282205
2282957
35.312282971
2283723
35.312283737
2284489
35.252284504
2285255
35.312285270
2286022
35.252286035
2286788
35.252286801
2287554
35.252287567
2288320
35.252288333
2289086
35.252289099
2289852
35.252289866
2290619
35.252290632
2291385
35.252291398
2292151
35.252292164
2292917
35.252292930
2293683
35.252293696
2294449
35.252294463
2295215
35.252295229
2295982
35.252295995
2296748
35.252296761
2297513
35.192297527
2298279
35.192298293
2299045
35.192299059
2299811
35.192299826
2300577
35.192300592
2301344
35.192301358
2302110
35.192302124
2302876
35.192302889
2303642
35.192303655
2304408
35.192304421
2305174
35.192305188
2305941
35.192305954
2306707
35.132306720
2307473
35.192307486
2308239
35.192308252
2309005
35.132309018
2309771
35.132309785
2310537
35.132310551
2311304
35.132311317
2312070
35.132312083
2312836
35.132312849
2313602
35.192313615
2314368
35.132314381
2315133
35.132315148
2315900
35.132315914
2316666
35.132316680
2317432
35.132317446
2318198
35.132318212
2318964
35.132318978
2319730
35.132319745
2320496
35.132320510
2321263
35.132321276
2322029
35.132322042
2322795
35.132322808
2323561
35.132323574
2324327
35.132324341
2325093
35.132325107
2325860
35.062325873
2326626
35.062326639
2327392
35.062327405
2328158
35.062328171
2328924
35.062328937
2329690
35.062329704
2330456
35.062330470
2331223
35.062331236
2331988
35.062332002
2332754
35.062332768
2333520
35.062333534
2334286
35.002334300
2335052
35.002335067
2335818
35.002335833
2336585
35.002336599
2337351
35.002337364
2338117
35.002338130
2338883
35.002338896
2339649
35.002339662
2340415
35.002340429
2341181
35.002341195
2341948
34.942341961
2342714
34.942342727
2343480
34.942343493
2344246
34.942344259
2345012
34.942345025
2345778
34.942345792
2346544
34.942346558
2347311
34.942347324
2348077
34.942348090
2348843
34.942348856
2349608
34.882349622
2350374
34.882350388
2351140
34.882351155
2351906
34.882351921
2352673
34.882352687
2353439
34.882353453
2354205
34.882354219
2354971
34.882354984
2355737
34.812355751
2356503
34.812356517
2357270
34.812357283
2358036
34.812358049
2358802
34.812358815
2359568
34.812359581
2360334
34.812360347
2361100
34.812361114
2361866
34.812361880
2362633
34.812362646
2363399
34.752363412
2364165
34.752364178
2364931
34.752364944
2365697
34.752365710
2366462
34.752366477
2367228
34.752367243
2367995
34.752368009
2368761
34.752368775
2369527
34.752369541
2370293
34.752370307
2371059
34.752371073
2371825
34.752371840
2372592
34.752372605
2373358
34.752373371
2374124
34.752374137
2374890
34.692374903
2375656
34.692375669
2376422
34.692376436
2377188
34.692377202
2377955
34.692377968
2378721
34.692378734
2379487
34.692379500
2380253
34.692380266
2381019
34.692381032
2381785
34.692381799
2382551
34.692382565
2383318
34.692383331
2384083
34.692384097
2384849
34.692384863
2385615
34.692385629
2386381
34.692386395
2387147
34.692387162
2387914
34.692387928
2388680
34.632388694
2389446
34.632389459
2390212
34.692390225
2390978
34.632390991
2391744
34.632391758
2392510
34.632392524
2393277
34.632393290
2394043
34.632394056
2394809
34.632394822
2395575
34.632395588
2396341
34.632396355
2397107
34.632397121
2397874
34.562397887
2398640
34.632398653
2399406
34.562399419
2400172
34.562400185
2400937
34.562400951
2401703
34.562401718
2402469
34.562402484
2403236
34.562403250
2404002
34.562404016
2404768
34.562404782
2405534
34.562405548
2406300
34.562406313
2407066
34.562407080
2407832
34.562407846
2408599
34.562408612
2409365
34.562409378
2410131
34.562410144
2410897
34.562410910
2411663
34.562411676
2412429
34.562412443
2413196
34.502413209
2413962
34.502413975
2414728
34.502414741
2415494
34.502415507
2416260
34.502416273
2417026
34.502417039
2417792
34.502417806
2418558
34.502418572
2419324
34.502419338
2420090
34.502420104
2420856
34.502420870
2421622
34.442421636
2422388
34.442422403
2423154
34.442423169
2423921
34.442423934
2424687
34.442424700
2425453
34.382425466
2426219
34.382426232
2426985
34.382426998
2427751
34.382427765
2428517
34.382428531
2429284
34.382429297
2430050
34.382430063
2430816
34.382430829
2431582
34.382431595
2432348
34.382432362
2433114
34.382433128
2433881
34.382433894
2434647
34.382434660
2435412
34.312435426
2436178
34.312436192
2436944
34.312436958
2437710
34.312437725
2438476
34.312438491
2439243
34.312439257
2440009
34.312440023
2440775
34.312440788
2441541
34.312441554
2442307
34.312442321
2443073
34.312443087
2443840
34.312443853
2444606
34.312444619
2445372
34.312445385
2446138
34.312446151
2446904
34.312446917
2447670
34.312447684
2448436
34.312448450
2449203
34.252449216
2449969
34.252449982
2450735
34.252450748
2451501
34.252451514
2452267
34.252452280
2453032
34.252453047
2453799
34.252453813
2454565
34.252454579
2455331
34.252455345
2456097
34.252456111
2456863
34.252456877
2457629
34.252457644
2458395
34.252458409
2459162
34.252459175
2459928
34.192459941
2460694
34.192460707
2461460
34.192461473
2462226
34.192462239
2462992
34.192463006
2463758
34.192463772
2464525
34.192464538
2465291
34.192465304
2466057
34.192466070
2466823
34.192466836
2467589
34.192467602
2468355
34.192468369
2469121
34.192469135
2469888
34.192469901
2470653
34.192470667
2471419
34.132471433
2472185
34.132472199
2472951
34.132472966
2473717
34.132473732
2474484
34.132474498
2475250
34.132475264
2476016
34.132476029
2476782
34.132476795
2477548
34.132477561
2478314
34.132478328
2479081
34.132479094
2479847
34.132479860
2480613
34.132480626
2481379
34.132481392
2482145
34.132482158
2482911
34.132482925
2483677
34.132483691
2484444
34.132484457
2485210
34.132485223
2485976
34.132485989
2486742
34.132486755
2487507
34.132487522
2488273
34.132488288
2489040
34.062489054
2489806
34.062489820
2490572
34.062490586
2491338
34.062491352
2492104
34.062492118
2492870
34.062492884
2493636
34.062493650
2494403
34.062494416
2495169
34.062495182
2495935
34.062495948
2496701
34.002496714
2497467
34.002497480
2498233
34.002498247
2498999
34.002499013
2499766
34.002499779
2500532
34.002500545
2501298
34.002501311
2502064
34.002502077
2502830
34.002502843
2503596
34.002503609
2504361
33.942504376
2505128
33.942505142
2505894
33.942505908
2506660
33.942506674
2507426
33.942507440
2508192
33.942508206
2508958
33.942508973
2509724
33.942509739
2510491
33.942510504
2511257
33.942511270
2512023
33.942512036
2512789
33.942512802
2513555
33.942513568
2514321
33.942514335
2515087
33.942515101
2515854
33.942515867
2516620
33.882516633
2517386
33.882517399
2518152
33.882518165
2518918
33.882518931
2519684
33.882519698
2520451
33.882520464
2521217
33.882521230
2521982
33.882521996
2522748
33.882522762
2523514
33.882523528
2524280
33.882524295
2525046
33.882525061
2525813
33.882525827
2526579
33.882526593
2527345
33.882527358
2528111
33.882528124
2528877
33.812528890
2529643
33.812529657
2530410
33.812530423
2531176
33.812531189
2531942
33.882531955
2532708
33.812532721
2533474
33.882533487
2534240
33.812534254
2535006
33.812535020
2535773
33.812535786
2536539
33.882536552
2537305
33.882537318
2538071
33.812538084
2538836
33.882538850
2539602
33.882539617
2540369
33.882540383
2541135
33.882541149
2541901
33.882541915
2542667
33.812542681
2543433
33.812543447
2544199
33.882544214
2544965
33.882544979
2545732
33.812545745
2546498
33.882546511
2547264
33.812547277
2548030
33.812548043
2548796
33.812548809
2549562
33.812549576
2550328
33.812550342
2551095
33.812551108
2551861
33.812551874
2552627
33.812552640
2553393
33.812553406
2554159
33.812554173
2554925
33.812554939
2555692
33.812555705
2556457
33.812556471
2557223
33.812557237
2557989
33.812558003
2558755
33.812558769
2559521
33.752559536
2560287
33.812560302
2561054
33.752561068
2561820
33.752561833
2562586
33.752562599
2563352
33.752563365
2564118
33.752564131
2564884
33.752564898
2565650
33.752565664
2566417
33.752566430
2567183
33.752567196
2567949
33.752567962
2568715
33.752568728
2569481
33.692569494
2570247
33.692570261
2571013
33.692571027
2571780
33.692571793
2572546
33.692572559
2573312
33.692573325
2574077
33.692574091
2574843
33.692574857
2575609
33.692575624
2576376
33.632576390
2577142
33.632577156
2577908
33.632577922
2578674
33.632578688
2579440
33.632579453
2580206
33.632580220
2580972
33.562580986
2581739
33.562581752
2582505
33.562582518
2583271
33.562583284
2584037
33.562584050
2584803
33.562584816
2585569
33.562585583
2586335
33.562586349
2587102
33.502587115
2587868
33.502587881
2588634
33.502588647
2589400
33.502589413
2590166
33.502590179
2590931
33.502590946
2591697
33.502591712
2592464
33.502592478
2593230
33.502593244
2593996
33.442594010
2594762
33.442594776
2595528
33.502595542
2596294
33.442596308
2597060
33.442597074
2597827
33.442597840
2598593
33.442598606
2599359
33.442599372
2600125
33.442600138
2600891
33.442600904
2601657
33.442601671
2602424
33.442602437
2603190
33.442603203
2603956
33.442603969
2604722
33.442604735
2605488
33.442605501
2606254
33.442606268
2607020
33.442607034
2607787
33.442607800
2608552
33.442608566
2609318
33.442609332
2610084
33.442610098
2610850
33.442610864
2611616
33.442611631
2612382
33.442612397
2613149
33.442613163
