2011 03 13 00 19
2011 03 13 00 19
2011 03 13 01 19
2011 03 13 01 17
2011 03 13 01 19
2011 03 13 01 20
2011 03 13 01 22
2011 03 13 01 50
2011 03 13 01 51
2011 03 13 02 17
2011 03 13 02 17
2011 03 13 03 17
2011 03 13 04 17
2011 03 13 05 17
2011 03 13 06 17
2011 03 13 07 17
2011 03 13 08 17
2011 03 13 09 17
2011 03 13 10 17
2011 03 13 11 17
2011 03 13 12 17
2011 03 13 13 17
2011 03 13 14 17
2011 03 13 15 17
2011 03 13 16 17
2011 03 13 17 17
2011 03 13 18 17
2011 03 13 19 17
2011 03 13 19 18
2011 03 13 20 17
2011 03 13 20 17
2011 03 13 20 17
2011 03 13 20 17
2011 03 13 20 17
2011 03 13 20 17
2011 03 13 20 17
2011 03 13 20 17
2011 03 13 20 17
2011 03 13 20 17
2011 03 13 21 17
2011 03 13 22 17
2011 03 13 22 17
2011 03 13 22 17
2011 03 13 23 17
2011 03 13 23 19
2011 03 13 23 19
2011 03 13 23 19
2011 03 13 23 19
2011 03 13 23 19
2011 03 13 23 19
2011 03 13 23 19
2011 03 13 23 19
2011 03 13 23 19
2011 03 13 23 19
2011 03 13 23 19
2011 03 13 23 19
